$ANSIBLE_VAULT;1.1;AES256
32313837363139313638396466393435373266343163326266326332626562336263393634643966
3966303662336336666631356432663334363136326232360a336566316266323030666562356364
63313934313566373462396363656339393934356434663361393730393131333861336636303861
3735653735373537390a316334653137303332653465356437343731383336623435313235346238
63663464303764663762613534303865313162336533636264336563373039623865643961616263
35633534333838376164623534313138393665356665303735333066663735313066643064333263
37383636336561663739396432336631353861653330653133343533303163643638393335323333
38336635373633303066656363343039636631373437626665326133656139656134626662353138
66626136313135303566303931376335346432313135396136626362346338383733373861376235
30613935316535643636356136376439356363363336313765626137343661656531313434333234
63663237656366313337366365353732306666393039356363633538346337646238303062353233
64623162643239623432653433343032643833633936333361663166353165356630306666353133
34303533393631396561623831353837636530393166333539616430663837656639616462333239
32396332636633323435616561616535336664343966376564333530383463643564313832326435
64306230336538313962613261306265653865343034663161373764323162303437636532666334
33346466356264376237656432643339333735343637313138393834653737636132663732316333
34663733623438666538373565363366326635663533386235303063326233663538633264656433
32363433386535366565616637613431396666393764366531316437633031613564383733643733
35353064623735616364373230396138303630303263343665303339613965396337376566616438
62643434353938383165313762306362326461363734623538393266386530306639316432633838
30313866363162313035316434326161376262643963366233646361623063393738396636343234
61653336323766326535393237343661646137373137316230303266393364326638373931376335
63343731303633376461313262373537373036613633356564303438363662626533303761663165
62646431386166306235323032336438653364393063613734633235303233383962373139626561
61643036643933396237363637316562383263656335333531336531383932333333613365613066
64393538646336376233393466333636376166363038653030386633313530303465346662393363
64306130333039306538623532613130633961373535326230636666303061343865383132643731
61633432623233336266386362393034376337313439346331316134333732393930343532316566
65633736343232303036656463303266396536356365616163366566346534666538316637663765
64663833363232313332323437646333356437343933363237653838366432663661663065633531
63393931333533626638626663613539666431616665303062373163646163353732303932626331
35633966646263666232373533363937323166643462376430306463353938653637663037363338
39363163663162396632346137643932616631323862666136336665323830646462386632636432
36303735643537623639373437353066373035633131316565366364623662303434303266363031
30363030643637656431383665376538323732333335346236383731326436396533653333613732
65366534373230373464633662623735646538393766313634336239623838333939653433613230
3061
