$ANSIBLE_VAULT;1.1;AES256
62373162333135323033326236346539613833306338303665623938316430353431646464373665
3763336133373035343737383161623331643531663062630a643437363765313330656165663564
62346234653036633864393338346632663831623936616433616230343935333731646138343064
3433373464646436330a613861303934643036623666343631343931616530633130646536616266
63303131326166316233326331653438343138383937373664393662653531336138353139663765
63343236333336663461303636313066363364343239353131313435343535313661346663663830
37326166613038373032346238613831616365366130613839346464343030386133636330396333
34663462376261643765323065313030623732343332643333343861316361653565623437613539
39396562643233373464666231386364323230383832346436303735343832633832653536306665
37363531373238316232306264613034663861623338346265653735343135616533613238366364
36323239373839363762303366366234343263333039396435616437356533306537343735643331
34333136323834613831313064633938376337633035633632313163326662636562373633613264
30366234643232373436646238383132376132383436333664366661616564326331
